110 201
111 146
112 287
113 159
114 315
115 243
116 229
117 554
130 14266
118 1246
131 19964
132 1835
119 291
133 5397
134 6675
135 55146
136 2246
137 1526
150 58082583
138 9557
35 1235774
139 1849
36 2731
50 1494
37 2881
38 2704
51 1466
39 19445
52 1825
53 2509
54 327
55 157
56 81
57 587
70 38
71 77
58 265
72 44
59 131
73 34
74 116
75 34
76 52
77 21
90 124
78 161
91 69
79 63
92 34
93 150
94 322
95 61
96 157
97 149
98 30
99 48
100 70
101 86
102 184
103 125
104 1218
105 1245
106 1512
107 209
120 1181
121 162
108 76
122 85
109 920
123 230
124 469
125 4176
126 466
127 226
140 17953
128 415
141 7284
129 1193
142 1014
40 38309
143 10783
41 12501
144 1773
42 9191
145 3017
146 12397
43 10197
44 4453
147 335113
148 625305
45 517
149 8754700
46 3982
47 1451
60 161
48 891
61 78
49 1108
62 477
63 531
64 130
65 335
66 634
67 50
80 62
68 60
81 278
69 24
82 121
83 65
84 457
85 42
86 90
87 75
88 148
89 84
