110 178
111 139
112 293
113 141
114 324
115 221
116 231
117 542
130 14400
118 1269
131 19670
132 1791
119 271
133 5296
134 7483
135 55234
136 2176
137 1318
150 38686948
138 9315
35 1200520
139 1830
36 2582
50 1716
37 2890
51 1165
38 2746
39 19911
52 1998
53 930
54 340
55 198
56 98
57 598
70 45
71 124
58 343
72 57
59 136
73 36
74 111
75 42
76 59
77 33
90 162
91 79
78 194
92 41
79 70
93 143
94 271
95 70
96 155
97 130
98 31
99 42
100 76
101 93
102 157
103 110
104 1089
105 1058
106 1496
107 194
120 1139
108 77
121 161
109 928
122 91
123 232
124 440
125 4058
126 421
127 230
140 17810
128 406
141 7506
129 1191
142 17175
40 39699
143 11322
41 12716
144 10552
42 9534
145 3062
43 11233
146 31846
44 4722
147 150215
148 18759115
45 537
149 10188929
46 4056
47 1567
60 140
48 968
61 154
49 1138
62 476
63 601
64 136
65 430
66 667
67 62
80 86
68 89
81 271
69 46
82 171
83 109
84 466
85 55
86 97
87 83
88 221
89 120
