     74 100
     94 101
    142 102
    104 103
    983 104
    987 105
   1345 106
    185 107
     85 108
    871 109
    194 110
    145 111
    297 112
    173 113
    343 114
    277 115
    282 116
    569 117
   1215 118
    341 119
   1102 120
    191 121
    100 122
    248 123
    436 124
   3922 125
    397 126
    241 127
    415 128
   1153 129
  13785 130
  36497 131
   1688 132
   4924 133
   6070 134
  50555 135
   2166 136
   1370 137
   8905 138
   1775 139
  16990 140
   7038 141
    986 142
  10291 143
   1563 144
   1129 145
   1793 146
   1722 147
   6029 148
   9220 149
  10688 150
   1954 151
   5720 152
   2109 153
   6442 154
  51400 155
   6621 156
   7583 157
 181227 158
   4514 159
   1291 160
  16046 161
   9977 162
 131433 163
  11529 164
  34363 165
   7488 166
  47551 167
   5808 168
  41479 169
 260614 170
  26151 171
   2553 172
   2030 173
  20535 174
  21014 175
  10588 176
  33604 177
  71575 178
  73379 179
  45708 180
   6149 181
  17872 182
   6702 183
  28413 184
  18526 185
  30884 186
  27858 187
 116214 188
  22613 189
 215358 190
  20741 191
  85186 192
  13426 193
  38127 194
  20999 195
  36830 196
  36087 197
 101466 198
 388341 199
  58995 200
  91944 201
 101827 202
 187825 203
 303469 204
 800155 205
 169579 206
 284696 207
  70502 208
 738353 209
  22585 210
 226219 211
 276590 212
  87372 213
 508962 214
  50310 215
  92336 216
 135970 217
 946710 218
 246824 219
 237553 220
 312187 221
 102656 222
 284857 223
 164758 224
  48594 225
  31874 226
 101135 227
 424865 228
 385727 229
 886263 230
  99566 231
 107542 232
1179467 233
 383492 234
 150018 235
2609568 236
  99252 237
 681133 238
1279537 239
40939609 240
1483920 241
 222226 242
 278512 243
  52307 244
 134702 245
  47735 246
  12770 247
  64313 248
  25206 249
  76357 250
 194088 251
  81863 252
  12903 253
  53797 254
  34569 255
 210936 256
  64107 257
 849156 258
  19345 259
  23941 260
  78598 261
  26002 262
  18156 263
 155590 264
  91111 265
  44355 266
 132818 267
  17301 268
      2 85
