200 1469265
201 52835
202 367274
203 62959
204 27548
205 139197
206 469210
220 163150
207 29280289
208 1139505
221 20870
222 672179
209 163010
223 16541
224 71400
225 16333
226 22488
227 8502
240 148794
241 84504
228 123016
242 30280
229 74916
243 56582
244 241110
245 44632
246 25910
247 11041
248 19986
110 1934
249 20781
111 420
112 637
113 603
114 776
115 912
116 3601
117 696
130 4939
131 47286
118 3035
119 23873
132 1929
133 35953
134 202763
135 18687
136 2118
137 477
150 15544
138 18263
151 14568
139 16126
152 67838
153 18454
154 98204
155 15353
156 45374
157 8152
170 143241
171 236922
158 26939
172 38859
159 13224
173 390337
174 13734
175 184067
176 194275
177 43387
190 21082
178 384474
191 73098
179 25401
192 249639
193 287876
194 497239
195 69979
196 52948
197 521028
198 51710
199 37996
210 54939
211 14105
212 40704
213 18864
214 56371
215 157159
216 64669
217 8329
230 40052
218 36776
231 515288
219 24449
232 88577
233 179267
234 753688
235 39200
236 78331
250 8633
237 38859
251 7936
238 118861
100 2916
239 33952
252 27821
101 2213
253 14783
102 10209
254 4731
103 1377
255 191
256 250
104 14722
257 24
105 5077
258 215
106 426
107 7412
120 4566
108 1172
121 1379
109 907
122 64446
123 3501
124 518
125 12621
126 4445
140 7258
127 125195
128 5292
141 27110
129 31850
142 56275
143 63422
144 35087
145 3376
146 13619
147 4295
160 16202
148 11425
161 25375
162 83761
149 7746
163 312716
164 42797
165 76260
166 63723
180 66102
167 109593
168 235872
181 74793
169 664012
182 677889
183 182258
184 146778
185 243239
186 70506
187 218574
188 137815
189 32800
