 160676 1
  34654 10
 128320 11
 279389 12
 338612 13
 704733 14
  88857 15
  55316 16
 521529 17
  70188 18
  54122 19
 772615 2
1476523 20
  79945 21
 423549 22
 126381 23
  62635 24
 142573 25
 482829 26
29284584 27
1150930 28
 170756 29
 242341 3
  70483 30
  28673 31
 108542 32
  37318 33
 154575 34
 172512 35
 110043 36
  16481 37
  63715 38
  37673 39
 388406 4
 182268 40
  48458 41
 766149 42
 330634 43
 128919 44
  97670 45
  86637 46
 125507 47
 360060 48
 739835 49
 300492 5
 185227 50
 752630 51
 128073 52
 570207 53
 768198 54
 224179 55
 276207 56
  82942 57
 506370 58
  83226 59
 100861 6
133265812 60
 354810 7
 163093 8
  85431 9
